0000000000000000000000000000000000000000000000000000000000000000
0000000000000000000000000000000000000000000000000000000000000000
0000000000000000000000000000000000000000000000000000000000000000
0000000000000000000000000000000000000000000000000000000000000000
0000000000000000000000000000000000000000000000000000000000000000
0000000000000000000000000000000000000000000000000000000000000000
0000000000000000000000000000000000000000000000000000000000000000
0000000000000000000000000000000000000000000000000000000000000000
0000000000000000000000000000000000000000000000000000000000000000
0000000000000000000000000000000000000000000000000000000000000000
0000000000000000000000000000000000000000000000000000000000000000
0000000000000000000000000000000000000000000000000000000000000000
0000000000000111000000000000000000000000000000001110000000000000
0000000000000111111000000000000000000000000001111110000000000000
0000000000001111111110000000000000000000000111111111000000000000
0000000000001111111111000000000000000000001111111111000000000000
0000000000001111111111100000000000000000011111111111000000000000
0000000000011111111111111000000000000001111111111111100000000000
0000000000011111111111111100000000000011111111111111100000000000
0000000000011111111111111110000000000111111111111111100000000000
0000000000011111111111111111000000001111111111111111100000000000
0000000000011111111111111111101111111111111111111111100000000000
0000000000011111111111111111111111111111111111111111100000000000
0000000000011111111111111111111111111111111111111111100000000000
0000000000011111111111111111111111111111111111111111100000000000
0000000000011111111111111111111111111111111111111111100000000000
0000000000001111111111111111111111111111111111111111000000000000
0000000000001111111111111111111111111111111111111111000000000000
0000000000001111111111111111111111111111111111111111000000000000
0000000000000111111111100111111111111110011111111110000000000000
0000000000000111111111000011111111111100001111111110000000000000
0000000000000111111110000001111111111000000111111110000000000000
0000000000001111111110000001111111111000000111111111000000000000
0000000000011111111111000011111111111100001111111111100000000000
0000000000011111111111100111111111111110011111111111100000000000
0000000000011111111111111111111111111111111111111111100000000000
0000000000111111111111111111111111111111111111111111110000000000
0000001111111111111111111111110000111111111111111111111111000000
0000001111111111111111111111110000111111111111111111111111000000
0000001100011111111111111111110000111111111111111111100011000000
0000000000011111111111011111111001111111101111111111100000000000
0000000000111111111111001111111001111111001111111111110000000000
0000000001111111111111101111110000111111011111111111111000000000
0000000111111111111111100111100110011110011111111111111110000000
0000000111000111111111110000001111000000111111111110001110000000
0000000010000111111111111111111111111111111111111110000100000000
0000000000000011111111111111111111111111111111111100000000000000
0000000000000001111111111111111111111111111111111000000000000000
0000000000000000111111111111111111111111111111110000000000000000
0000000000000000011111111111111111111111111111100000000000000000
0000000000000000000111111111111111111111111110000000000000000000
0000000000000000000001111111111111111111111000000000000000000000
0000000000000000000000000111111111111110000000000000000000000000
0000000000000000000000000000000000000000000000000000000000000000
0000000000000000000000000000000000000000000000000000000000000000
0000000000000000000000000000000000000000000000000000000000000000
0000000000000000000000000000000000000000000000000000000000000000
0000000000000000000000000000000000000000000000000000000000000000
0000000000000000000000000000000000000000000000000000000000000000
0000000000000000000000000000000000000000000000000000000000000000
0000000000000000000000000000000000000000000000000000000000000000
0000000000000000000000000000000000000000000000000000000000000000
0000000000000000000000000000000000000000000000000000000000000000
0000000000000000000000000000000000000000000000000000000000000000
